1.151895345428937123e-01 1.565333794519878086e-01 1.764000000000000000e+03 0.000000000000000000e+00 7.800000000000000000e+01
1.208249033966276170e-01 1.586860744797500278e-01 1.764000000000000000e+03 1.000000000000000000e+00 1.150000000000000000e+02
3.731459439546646467e-02 4.866842904019113430e-02 1.764000000000000000e+03 9.000000000000000000e+00 1.640000000000000000e+02
1.286982821431548359e-02 1.673077667861012918e-02 1.764000000000000000e+03 9.000000000000000000e+00 4.700000000000000000e+01
3.951510546136575291e-02 5.468591528894889420e-02 1.764000000000000000e+03 9.000000000000000000e+00 1.150000000000000000e+02
3.535629104243055709e-02 4.691652379396957923e-02 1.764000000000000000e+03 7.000000000000000000e+00 1.550000000000000000e+02
2.165079593571084954e-02 2.814603471642410440e-02 1.764000000000000000e+03 1.000000000000000000e+01 1.620000000000000000e+02
1.452483153607567884e-02 1.888228099689838457e-02 1.764000000000000000e+03 1.100000000000000000e+01 6.300000000000000000e+01
8.453283305559187999e-03 1.098926829722694440e-02 1.764000000000000000e+03 9.000000000000000000e+00 9.700000000000000000e+01
9.974945539630537122e-03 1.296742920151969930e-02 1.764000000000000000e+03 1.200000000000000000e+01 4.700000000000000000e+01
2.286311386710026487e-03 2.972204802723034736e-03 1.764000000000000000e+03 1.200000000000000000e+01 9.400000000000000000e+01
3.162890211081239092e-03 4.111757274405610819e-03 1.764000000000000000e+03 1.400000000000000000e+01 4.600000000000000000e+01
1.716850461091860890e-03 2.544728458178687706e-03 1.764000000000000000e+03 3.300000000000000000e+01 9.300000000000000000e+01
4.230320257189307265e-03 5.512375351082361881e-03 1.764000000000000000e+03 2.300000000000000000e+01 1.280000000000000000e+02
2.966682141620912046e-03 3.856686784107185659e-03 1.764000000000000000e+03 4.600000000000000000e+01 9.800000000000000000e+01
2.867293442019859008e-03 3.727481474625816884e-03 1.764000000000000000e+03 2.300000000000000000e+01 1.330000000000000000e+02
3.664710410227398768e-03 4.836876662172068415e-03 1.764000000000000000e+03 1.600000000000000000e+01 7.500000000000000000e+01
1.799434321255682142e-03 2.339264617632386828e-03 1.764000000000000000e+03 2.300000000000000000e+01 1.120000000000000000e+02
1.856075446127788790e-03 2.412898079966125427e-03 1.764000000000000000e+03 1.800000000000000000e+01 6.800000000000000000e+01
2.695529509371074293e-03 3.418185839781308095e-03 1.764000000000000000e+03 2.200000000000000000e+01 9.000000000000000000e+01
